Profile: oneExch-BitstampDaily
Exchanges: Bitstamp, 

GMT, Bid Total Fiat, Ask Total BTC, Bid10, Ask10, Bid100, Ask100, Bid1000, Ask1000, Bid2000, Ask2000, Bid5000, Ask5000, Bid7000, Ask7000, Bid10000, Ask10000, Bid20000, Ask20000, Bid30000, Ask30000, Bid50000, Ask50000, BidRatio10, BidRatio100, BidRatio1000, BidRatio2000, BidRatio5000, BidRatio7000, BidRatio10000, BidRatio20000, BidRatio30000, BidRatio50000, 
2016-01-16 02:35:44, 3928530,16374, 370.13, 372.19, 369.36, 372.41, 360.67, 379.43, 355.55, 384.76, 337.85, 401.3, 332.86, 413.6, 311.16, 427.28, 186.43, False, 45.69, False, False, False, -0.047, -0.045, -0.02, -0.006, 0.044, 0.058, 0.12, 0.473, 0.871, False, 
2016-01-18 14:36:13, 4205969,15894, 385.25, 386.59, 384.83, 386.83, 379.39, 390.25, 371.4, 394.72, 359.22, 407.16, 348.42, 417.5, 327.46, 431.41, 209.91, False, 48.42, False, False, False, -0.015, -0.014, 0.0, 0.021, 0.053, 0.082, 0.137, 0.447, 0.872, False, 
2016-01-21 02:36:21, 4765319,12391, 417.41, 417.88, 416.63, 419.16, 407.08, 425.4, 400.61, 428.51, 381.75, 441.7, 371.25, 451.29, 352.16, 477.47, 227.94, False, 54.31, False, False, False, -0.025, -0.023, 0.0, 0.016, 0.062, 0.088, 0.135, 0.44, 0.867, False, 
2016-01-23 14:37:26, 4159232,15423, 385.09, 385.98, 383.98, 386.07, 379.87, 392.13, 375.01, 399.63, 362.87, 414.94, 351.25, 422.49, 328.62, 436.09, 207.42, False, 48.22, False, False, False, -0.014, -0.011, 0.0, 0.013, 0.045, 0.075, 0.135, 0.454, 0.873, False, 
2016-03-12 20:19:52, 5290499,12128, 410.24, 410.76, 408.96, 411.18, 404.39, 414.37, 400.07, 418.06, 385.57, 430.99, 381.63, 440.15, 373.52, 466.4, 261.74, False, 59.97, False, False, False, -0.014, -0.011, 0.0, 0.011, 0.047, 0.056, 0.076, 0.353, 0.852, False, 
2016-03-15 08:20:38, 5380626,11847, 414.65, 415.56, 413.99, 416.29, 408.0, 420.0, 403.33, 422.44, 387.04, 434.05, 384.91, 443.24, 375.71, 484.82, 261.95, False, 60.77, False, False, False, -0.016, -0.015, 0.0, 0.011, 0.051, 0.057, 0.079, 0.358, 0.851, False, 
2016-03-17 20:23:11, 4746903,11625, 418.47, 418.97, 417.37, 419.32, 411.75, 421.25, 406.71, 422.67, 390.71, 434.93, 383.91, 445.32, 364.38, 520.41, 235.45, False, 54.57, False, False, False, -0.016, -0.014, 0.0, 0.012, 0.051, 0.068, 0.115, 0.428, 0.867, False, 
2016-03-20 08:23:32, 5166811,11790, 408.0, 409.48, 406.93, 410.32, 403.21, 412.92, 399.84, 417.22, 393.78, 431.73, 387.08, 440.97, 373.17, 482.5, 256.99, False, 58.66, False, False, False, -0.012, -0.009, 0.0, 0.008, 0.023, 0.04, 0.075, 0.363, 0.855, False, 
2016-03-22 20:23:47, 5252448,11009, 416.18, 416.99, 414.86, 417.0, 407.55, 418.58, 401.28, 422.12, 396.86, 434.84, 388.48, 450.09, 376.51, 534.87, 257.67, False, 59.44, False, False, False, -0.021, -0.018, 0.0, 0.015, 0.026, 0.047, 0.076, 0.368, 0.854, False, 
2016-03-25 08:24:43, 5196653,10579, 414.75, 415.82, 413.85, 416.49, 406.81, 418.37, 401.2, 420.86, 395.24, 434.29, 388.28, 449.19, 374.46, 676.91, 256.57, False, 58.9, False, False, False, -0.02, -0.017, 0.0, 0.014, 0.028, 0.046, 0.08, 0.369, 0.855, False, 
2016-03-27 20:25:34, 5227067,9330, 425.39, 426.26, 424.25, 426.8, 418.35, 428.82, 410.76, 430.53, 401.04, 444.8, 391.58, 470.91, 377.29, False, 258.25, False, 59.25, False, False, False, -0.017, -0.014, 0.0, 0.018, 0.041, 0.064, 0.098, 0.383, 0.858, False, 
2016-03-30 08:25:56, 5086091,9264, 411.96, 413.28, 411.32, 413.79, 407.51, 416.6, 404.9, 422.54, 398.53, 441.03, 390.23, 469.21, 375.87, False, 244.18, False, 58.02, False, False, False, -0.011, -0.009, 0.0, 0.006, 0.022, 0.042, 0.078, 0.401, 0.858, False, 
2016-04-01 20:27:17, 4958923,9537, 415.06, 415.5, 414.24, 415.56, 410.84, 418.62, 407.16, 422.3, 397.78, 442.77, 390.6, 474.56, 374.27, False, 242.7, False, 56.83, False, False, False, -0.01, -0.008, 0.0, 0.009, 0.032, 0.049, 0.089, 0.409, 0.862, False, 
2016-04-10 22:06:38, 4566637,9812, 420.89, 421.45, 419.99, 421.75, 415.13, 423.41, 412.53, 424.94, 398.69, 440.8, 389.45, 467.36, 366.35, False, 217.52, False, 53.16, False, False, False, -0.014, -0.012, 0.0, 0.006, 0.04, 0.062, 0.118, 0.476, 0.872, False, 
2016-04-13 10:07:00, 4527877,9071, 422.93, 423.4, 422.88, 424.19, 418.09, 426.33, 414.55, 428.8, 402.25, 454.21, 392.37, 493.62, 367.29, False, 221.55, False, 53.05, False, False, False, -0.012, -0.011, 0.0, 0.008, 0.038, 0.062, 0.122, 0.47, 0.873, False, 
2016-04-15 22:07:36, 4529716,8716, 428.19, 428.86, 426.81, 429.33, 422.14, 430.7, 417.74, 434.97, 405.51, 459.21, 394.9, 519.51, 369.6, False, 223.32, False, 53.17, False, False, False, -0.014, -0.011, 0.0, 0.01, 0.039, 0.065, 0.124, 0.471, 0.874, False, 
2016-04-18 10:08:15, 4694483,8737, 427.21, 428.55, 426.88, 428.56, 423.18, 430.19, 419.57, 435.24, 408.57, 459.84, 397.64, 517.76, 375.73, False, 211.8, False, 52.75, False, False, False, -0.01, -0.009, 0.0, 0.009, 0.035, 0.06, 0.112, 0.5, 0.875, False, 
2016-04-25 21:35:13, 4893172,6987, 466.98, 467.03, 466.31, 467.93, 460.46, 472.01, 451.85, 479.81, 428.58, 566.42, 409.66, False, 392.37, False, 236.36, False, 57.15, False, False, False, -0.014, -0.013, 0.0, 0.019, 0.069, 0.11, 0.148, 0.487, 0.876, False, 
2016-04-28 09:35:53, 4633983,7540, 442.72, 443.33, 442.35, 444.47, 438.46, 450.43, 432.56, 462.23, 420.01, 517.24, 404.76, 800.89, 383.24, False, 230.56, False, 54.51, False, False, False, -0.01, -0.009, 0.0, 0.013, 0.042, 0.077, 0.126, 0.474, 0.876, False, 
2016-05-01 01:39:57, 5098868,8085, 446.59, 447.37, 445.88, 448.32, 442.2, 454.06, 434.96, 460.41, 424.26, 499.66, 415.03, 592.48, 397.15, False, 246.29, False, 59.55, False, False, False, -0.01, -0.008, 0.0, 0.016, 0.041, 0.061, 0.102, 0.443, 0.865, False, 
