Profile: oneExch-ExmoDaily
Exchanges: Exmo, 

GMT, Bid Total Fiat, Ask Total BTC, Bid10, Ask10, Bid100, Ask100, Bid1000, Ask1000, Bid2000, Ask2000, Bid5000, Ask5000, Bid7000, Ask7000, Bid10000, Ask10000, Bid20000, Ask20000, Bid30000, Ask30000, Bid50000, Ask50000, BidRatio10, BidRatio100, BidRatio1000, BidRatio2000, BidRatio5000, BidRatio7000, BidRatio10000, BidRatio20000, BidRatio30000, BidRatio50000, 
2016-01-16 02:36:45, An exchange was down. This profile is being skipped. Failed exchange = Exmo, URL=https://api.exmo.com/v1/order_book/?pair=BTC_USD
2016-01-18 14:37:23, 9982376,24278, 384.6, 385.4, 383.8, 385.47, 382.71, 385.5, 382.52, 385.5, 381.99, 387.53, 381.37, 387.54, 346.28, 388.09, 346.26, 404.16, False, False, False, False, -0.005, -0.003, 0.0, 0.0, 0.002, 0.004, 0.095, 0.095, False, False, 
2016-01-21 02:37:24, 7203246,18549, 415.0, 420.63, 414.81, 421.8, 413.59, 422.18, 413.4, 422.31, 413.12, 422.52, 412.88, 422.71, 412.49, 423.12, False, False, False, False, False, False, -0.003, -0.003, 0.0, 0.0, 0.001, 0.002, 0.003, False, False, False, 
2016-01-23 14:37:35, 6241747,18037, 385.87, 388.0, 385.05, 388.0, 384.21, 389.02, 383.43, 389.03, 382.58, 389.3, 382.5, 389.57, 382.02, 390.42, False, False, False, False, False, False, -0.004, -0.002, 0.0, 0.002, 0.004, 0.004, 0.006, False, False, False, 
2016-03-12 20:20:02, 15378017,47449, 408.57, 410.0, 408.36, 410.0, 408.08, 410.05, 408.08, 410.06, 407.95, 410.91, 407.9, 411.35, 407.82, 411.61, 407.45, 412.22, 407.2, 412.56, False, False, -0.001, -0.001, 0.0, 0.0, 0.0, 0.0, 0.001, 0.002, 0.002, False, 
2016-03-15 08:20:49, 15082374,48258, 413.87, 414.69, 413.84, 415.77, 413.84, 416.95, 413.75, 416.97, 413.75, 417.15, 413.73, 417.38, 413.71, 417.83, 413.36, 418.37, 413.09, 418.76, False, False, -0.0, 0.0, 0.0, 0.0, 0.0, 0.0, 0.0, 0.001, 0.002, False, 
2016-03-17 20:23:21, 7354250,14970, 417.0, 417.98, 416.84, 418.95, 415.35, 420.78, 415.17, 420.78, 415.12, 421.26, 414.95, 421.26, 414.79, 421.62, False, False, False, False, False, False, -0.004, -0.004, 0.0, 0.0, 0.001, 0.001, 0.001, False, False, False, 
2016-03-20 08:23:43, 9236057,33922, 409.8, 411.14, 409.52, 411.18, 408.75, 411.24, 407.14, 411.25, 406.59, 411.54, 406.24, 411.55, 406.12, 411.72, 405.67, 412.26, False, 412.97, False, False, -0.003, -0.002, 0.0, 0.004, 0.005, 0.006, 0.006, 0.008, False, False, 
2016-03-22 20:23:56, 27040579,3778, 417.85, 419.5, 417.85, 419.57, 417.71, 419.96, 417.63, 421.71, 417.15, False, 417.15, False, 416.72, False, 415.17, False, 414.53, False, 413.47, False, -0.0, -0.0, 0.0, 0.0, 0.001, 0.001, 0.002, 0.006, 0.008, 0.01, 
2016-03-25 08:24:52, 17091764,30165, 413.8, 416.28, 413.57, 416.28, 413.43, 417.24, 413.42, 417.25, 413.16, 417.62, 413.1, 417.79, 412.96, 418.24, 412.54, 425.3, 412.03, 425.91, False, False, -0.001, 0.0, 0.0, 0.0, 0.001, 0.001, 0.001, 0.002, 0.004, False, 
2016-03-27 20:25:43, 23047762,31687, 424.4, 426.2, 423.39, 426.26, 423.19, 426.53, 423.19, 427.14, 422.92, 428.21, 422.7, 431.75, 422.07, 431.75, 421.92, 431.75, 421.67, 436.99, 421.0, False, -0.003, -0.0, 0.0, 0.0, 0.001, 0.001, 0.003, 0.003, 0.004, 0.005, 
2016-03-30 08:26:09, 15427180,25642, 413.4, 416.0, 413.34, 416.14, 413.08, 416.91, 412.85, 417.64, 412.65, 418.02, 412.4, 419.14, 411.83, 419.78, 410.79, 422.43, 410.49, False, False, False, -0.001, -0.001, 0.0, 0.001, 0.001, 0.002, 0.003, 0.006, 0.006, False, 
2016-04-01 20:27:27, 17121971,37597, 416.31, 417.9, 416.04, 417.96, 415.82, 418.07, 415.55, 418.07, 415.15, 418.08, 415.15, 418.31, 415.02, 418.38, 414.11, 419.42, 413.66, 419.62, False, False, -0.001, -0.001, 0.0, 0.001, 0.002, 0.002, 0.002, 0.004, 0.005, False, 
2016-04-10 22:06:48, 16138559,28755, 421.3, 423.79, 421.21, 423.8, 420.55, 423.8, 420.39, 423.8, 420.31, 424.31, 420.21, 424.82, 420.0, 425.51, 418.93, 427.71, 418.41, False, False, False, -0.002, -0.002, 0.0, 0.0, 0.001, 0.001, 0.001, 0.004, 0.005, False, 
2016-04-13 10:07:10, 19801109,56207, 425.52, 426.0, 425.51, 426.02, 425.42, 426.95, 424.92, 426.95, 424.69, 427.04, 423.11, 427.06, 423.08, 427.06, 422.91, 427.18, 422.06, 427.6, False, 429.42, -0.0, -0.0, 0.0, 0.001, 0.002, 0.005, 0.006, 0.006, 0.008, False, 
2016-04-15 22:07:46, 13223910,74526, 426.72, 429.1, 426.66, 429.1, 426.65, 429.28, 426.62, 429.61, 426.23, 429.89, 426.22, 429.89, 426.07, 431.13, 425.65, 431.13, 425.15, 431.57, False, 432.36, -0.0, -0.0, 0.0, 0.0, 0.001, 0.001, 0.001, 0.002, 0.004, False, 
2016-04-18 10:08:25, 12263370,63302, 426.23, 428.0, 426.23, 428.0, 426.02, 428.53, 425.12, 428.65, 424.86, 429.07, 424.86, 429.5, 424.81, 429.51, 424.23, 429.85, False, 430.25, False, 430.6, -0.0, -0.0, 0.0, 0.002, 0.003, 0.003, 0.003, 0.004, False, False, 
2016-04-25 21:35:22, 9935861,84293, 458.0, 458.55, 456.41, 458.7, 454.11, 458.95, 454.1, 458.99, 451.91, 459.47, 450.72, 459.62, 450.72, 460.99, 450.4, 464.97, False, 466.56, False, 487.85, -0.009, -0.005, 0.0, 0.0, 0.005, 0.007, 0.007, 0.008, False, False, 
2016-04-28 09:36:03, 19160031,42428, 442.06, 446.0, 442.06, 446.19, 442.03, 446.19, 442.03, 446.19, 440.87, 446.2, 440.56, 446.24, 440.32, 446.26, 439.83, 446.55, 439.15, 446.86, False, False, -0.0, -0.0, 0.0, 0.0, 0.003, 0.003, 0.004, 0.005, 0.007, False, 
2016-05-01 01:40:08, 17908988,15121, 446.56, 448.0, 446.13, 450.52, 444.12, 450.87, 444.12, 451.08, 444.11, 451.53, 444.11, 451.62, 444.05, 451.68, 443.77, False, 443.14, False, False, False, -0.005, -0.005, 0.0, 0.0, 0.0, 0.0, 0.0, 0.001, 0.002, False, 
